training = [74.383681, 71.895833, 70.347222, 69.151042, 68.065972, 67.244792, 66.394097, 65.571181, 
64.842014, 64.102431, 63.460069, 62.744792, 62.079861, 61.314236, 60.630208, 59.899306, 59.104167,
58.376736, 57.572917, 56.862847, 56.052083, 55.413194, 54.682292, 53.977431, 53.381944, 52.932292,
52.550347, 53.579861, 52.295139, 53.305556, 53.074653, 51.821181, 51.847222, 53.546875, 54.059028,
52.786458, 48.585069, 51.786458, 51.805556, 49.069444, 49.786458, 47.430556, 48.704861, 46.107639,
48.064236, 44.359375, 44.319444, 43.822917, 45.729167, 41.760417, 42.357639, 38.689236, 38.232639,
41.154514, 39.541667, 40.550347, 33.927083, 39.812500, 36.446181, 36.019097, 33.895833, 32.236111, 
28.630208, 27.989583, 27.394097, 25.065972, 30.873264, 32.690972, 28.630208, 22.098958, 25.609375,
26.218750, 23.423611, 22.434028, 23.361111, 19.760417, 23.048611, 28.321181, 23.236111, 22.409722,
19.961806, 17.222222, 13.571181, 12.156250, 14.223958, 15.180556, 12.534722, 14.423611, 19.501736,
9.411458, 15.322917, 8.776042, 10.008681, 8.003472, 12.034722, 7.869792, 6.828125, 18.286458,
4.727431, 4.279514]



validation = [75.641741, 73.688616, 72.558594, 71.386719, 70.410156, 70.019531, 69.587054, 69.154576,
68.945312, 68.415179, 68.122210, 67.954799, 67.787388, 67.745536, 67.480469, 67.327009, 67.075893,
 66.824777, 66.727121, 66.434152, 66.531808, 66.322545, 66.406250, 66.378348, 66.210938, 66.657366,
 66.699219, 68.080357, 67.396763, 68.610491, 68.763951, 68.289621, 68.233817, 69.698661, 70.661272,
 69.503348, 67.452567, 70.200893, 70.326451,68.470982, 70.172991, 68.582589, 69.559152, 68.289621,
 69.238281, 68.387277, 68.498884, 68.484933, 70.089286, 68.094308, 67.271205, 67.020089, 66.503906,
 69.545201,68.722098, 69.949777, 66.699219, 69.991629, 68.638393,67.773438, 66.448103, 67.968750,
 66.210938, 67.271205, 65.917969, 66.601562, 68.512835, 70.452009, 68.219866, 67.578125, 67.354911,
 68.415179, 66.866629, 69.126674, 68.680246, 65.862165, 68.791853,71.261161, 67.494420,67.857143,
 66.810826, 67.968750, 65.192522, 65.164621, 67.522321, 67.117746, 66.782924, 68.191964, 68.931362,
 64.606585, 67.075893, 66.336496, 65.053013, 66.545759, 67.633929, 65.876116, 64.815848, 67.703683,
 65.541295, 65.597098]